242 55 1
110 4 1
119 126 1
87 181 1
169 170 1
218 76 1
42 34 1
90 127 1
86 7 1
240 194 1
39 119 1
59 171 1
10 196 1
152 147 1
52 33 1
22 11 1
36 58 1
141 143 1
145 113 1
74 184 1
12 11 1
215 164 1
20 211 1
174 1 1
203 114 1
151 118 1
18 96 1
114 56 1
222 139 1
233 67 1
205 76 1
193 243 1
101 102 1
126 145 1
92 150 1
224 88 1
48 3 1
166 128 1
46 64 1
155 189 1
149 225 1
51 100 1
35 232 1
5 131 1
172 104 1
106 101 1
153 3 1
58 159 1
7 86 1
232 35 1
238 31 1
108 183 1
211 20 1
102 101 1
161 66 1
68 228 1
237 187 1
33 168 1
246 66 1
188 24 1
134 9 1
9 8 1
82 45 1
116 17 1
115 146 1
17 116 1
13 245 1
154 130 1
93 85 1
177 175 1
63 65 1
77 210 1
67 233 1
204 220 1
162 227 1
198 185 1
26 165 1
196 10 1
235 236 1
212 191 1
88 223 1
117 208 1
181 87 1
239 186 1
230 72 1
124 101 1
164 215 1
66 161 1
206 160 1
228 68 1
170 169 1
171 59 1
3 48 1
111 245 1
2 118 1
105 200 1
44 207 1
104 172 1
107 192 1
73 145 1
95 123 1
14 180 1
189 131 1
120 79 1
213 96 1
132 34 1
167 54 1
241 220 1
208 117 1
190 55 1
16 214 1
201 19 1
243 193 1
180 133 1
182 134 1
80 197 1
156 163 1
89 35 1
231 152 1
146 157 1
234 127 1
118 110 1
79 120 1
130 133 1
129 97 1
187 232 1
56 114 1
245 111 1
143 141 1
103 43 1
50 15 1
37 132 1
219 70 1
165 26 1
142 114 1
127 49 1
38 134 1
40 84 1
135 125 1
76 218 1
99 91 1
147 148 1
24 188 1
15 50 1
43 197 1
236 235 1
98 165 1
96 213 1
197 43 1
216 77 1
173 60 1
54 167 1
179 69 1
84 244 1
202 41 1
8 9 1
207 44 1
136 144 1
23 31 1
229 85 1
226 150 1
64 168 1
19 201 1
71 142 1
221 45 1
225 149 1
140 74 1
210 77 1
220 241 1
184 163 1
112 137 1
1 174 1
81 170 1
128 166 1
32 130 1
217 242 1
49 127 1
159 58 1
158 72 1
137 112 1
150 92 1
57 78 1
121 181 1
138 81 1
34 42 1
209 141 1
70 219 1
244 84 1
11 12 1
186 239 1
157 146 1
75 199 1
25 120 1
131 189 1
6 193 1
223 53 1
28 50 1
125 135 1
29 18 1
109 94 1
122 9 1
21 205 1
178 75 1
47 228 1
191 83 1
183 108 1
163 156 1
144 200 1
72 158 1
27 7 1
41 202 1
160 206 1
148 147 1
85 93 1
194 218 1
60 173 1
31 238 1
185 24 1
168 64 1
53 223 1
45 82 1
97 129 1
4 110 1
133 180 1
61 233 1
30 157 1
195 196 1
78 57 1
94 109 1
100 51 1
62 167 1
175 195 1
65 63 1
227 0 1
214 245 1
199 75 1
91 99 1
0 227 1
113 145 1
55 242 1
139 222 1
69 179 1
176 186 1
192 107 1
200 144 1
83 191 1
123 95 1
